Iniciando análisis completo para: https://www.whatsapp.com
Resolviendo dirección IP para el servidor...
2a03:2880:f361:120:face:b00c:0:167, 57.144.195.32
Cabeceras HTTP completas:

Comprobando cabeceras de seguridad específicas...
[32;1mKey                                     [0m[32;1m Value[0m
[32;1m---                                     [0m [32;1m-----[0m
Vary                                     {Accept-Encod.
Set-Cookie                               {wa_csrf=Y9vE.
reporting-endpoints                      {coop_report=.
report-to                                {{"max_age":2.
Content-Security-Policy                  {default-src .
X-Frame-Options                          {DENY}
document-policy                          {include-js-c.
permissions-policy                       {acceleromete.
cross-origin-resource-policy             {same-origin}
cross-origin-embedder-policy-report-only {require-corp.
cross-origin-opener-policy               {same-origin-.
Pragma                                   {no-cache}
Cache-Control                            {no-store, mu.
X-Content-Type-Options                   {nosniff}
X-XSS-Protection                         {0}
origin-agent-cluster                     {?1}
Strict-Transport-Security                {max-age=3153.
X-FB-Debug                               {A0hMSAGrFKHg.
Date                                     {Sat, 22 Nov .
X-FB-Connection-Quality                  {EXCELLENT; q.
Alt-Svc                                  {h3=":443"}
Connection                               {keep-alive}
Expires                                  {Sat, 01 Jan .
Content-Type                             {text/html; c.
X-Frame-Options : DENY
X-XSS-Protection : 0
X-Content-Type-Options : nosniff
Strict-Transport-Security : max-age=31536000; preload; includeSubDomains
Content-Security-Policy : default-src 'self' blob:;script-src *.whatsapp.com *.whatsapp.net *.facebook.com *.facebook.net 'nonce-TxT25YYG' 'self' blob:;style-src *.whatsapp.com *.whatsapp.net 'unsafe-inline' *.facebook.com 'self' data: blob:;connect-src *.whatsapp.com *.whatsapp.net wss://*.facebook.com:* *.fbcdn.net 'self' data: blob:;font-src *.whatsapp.com *.whatsapp.net *.facebook.com static.xx.fbcdn.net data:;img-src *.whatsapp.com *.whatsapp.net *.facebook.com *.fbcdn.net *.fbsbx.com static.xx.fbcdn.net *.cdninstagram.com 'self' data: blob:;media-src *.fbcdn.net 'self' data: blob:;child-src 'self' data: blob:;frame-src *.facebook.com *.whatsapp.com 'self' data: blob:;manifest-src 'self' data: blob:;object-src 'self' data: blob:;worker-src *.whatsapp.com *.whatsapp.net *.facebook.com *.facebook.net 'nonce-TxT25YYG' 'self' data: blob:;block-all-mixed-content;upgrade-insecure-requests;
Comprobando archivos/directorios sensibles...
Verificando si el sitio utiliza WordPress...
No se encontraron indicios claros de WordPress.
Buscando correos electrónicos...
Buscando números de teléfono...
0 0 10 18
0 0 101 22
0 0 11 21
0 0 12 8
0 0 1200 1227
0 0 16 16
0 0 16 17
0 0 16 21
0 0 16 3
0 0 18 18
0 0 20 19
0 0 20 21
0 0 23 16
0 0 24 13
0 0 25 33
0 1.06 1.06
0 1.1.9 2
0 1226.37
0 13.22
0 20.1 0.9
0.000488281 13
0.000488281 6
0.00140293 10
0.0018312 1.0859
0.00201415 8
0.036272 7.1592
0.036272 9.3241
0.07721 15.4508
0.137746 12.1571
0.236161 16.2727
0.236161 4.7273
0.23831 12.8275
0.303364 12.7273
0.308816 2.3816
0.337617 0.7501
0.337618 2.2501
0.337801 7.7504
0.408816 13.4817
0.450488 5 0
0.498646 7.65
0.50003
0.500418
0.500418 8.0014
0.511683
0.529391 13.9867
0.53 17.05
0.563783 2.6688
0.622737 8.8266
0.64003
0.750113
0.751831
0.752014 7.7504
0.752014 9.2504
0.773339 14.454
0.774176 17.7196
0.879395 1.9537
0.879395 13.0463
0.9 7 0 7
000488281 4
000488281 5
00049 10
00049 11
00049 13
00049 2
00049 2.45
00049 5
00049 6.55
00049 9 7
00049 9.55
0005 0
0005 1.34 10
0005 12
0005 12.5
0005 12.55 19
0005 12.78 24
0005 13.968 18
0005 3
0005 6
0005 8 13.0005
0005 9
0009397
00099
005 1.5
00521135434
00753
007751
01 9.25042
01243
0191 10.0398 3
0191456
022 5.713
022.024
023027
024 1.083.664
0259495
027662
02773
0283487
029449
03-7.487
03177
0319566068
032 0.00048828
0337521
036154287466
04 18.6
04 18.66 6
046551
0465641
04726
05 8.41562
050976
05430
0562811
0573990
0599999 14.62
06-1.06
0623473419
064788
0654210
0704870
07265964
075684469438
07971
08 1.41
08 13.56 0
08 7.44 0
083201
084946
0859 16.0018 1
0862 0.00201363
0887342
089646890
09 13.8023 0
090165
095470
09800045
1 0.00183158 1
1 12.1952 9.6056
1 12.6296 9.139
1 12.9569 8.2898
1 13.6369 6.8660
1 14.1146 7.3428
1 14.2313 4.7007
1 14.4915 6.0085
1 14.7512 8.5329
1 15.2518 2.2501
1 16 8 16
1 2.65627 3
1 4.22734 0
1 4.78072 10
1 48.1667 8.3284
1 5.65438 7
1 53.055 10.3461
1 54.6272 8.5626
1 6.77522 6
1 69.0035 9.6553
1 7 14 7
1 94.9728 9.0153
1.00049
1.04297
1.06-1.061
1.11882 14.8417
1.16743 18.3248
1.16743 2.6751
1.214.447
1.215.447
1.25042
1.36664 16.0473
1.52608 15.2451
1.61333 1.1685
1.61664 11.8873
1.68 18.82
1.8 7.87 1
1.83993 5.8126
1.86 13.5 1
1.86 14.5
1.86448 5.8510
1.88044 15.1519
1.9-1.39
10 13.83
10 15.1 9
10 5.37
10-4.48 10
10.0005 4.66
10.0077 15.7293
10.04 18.66
10.2171 11.0796
10.27 7.8200
10.2765 18.748
10.3514 11.2665
10.4018
10.4218 5.7813
10.4373 13.83
10.5744 18.9006
10.6659 7.1714
10.7117
10.8005 6.003
10.8005 6.75
10.8005 7.497
10.8086 5.6419
10.8365 14.4
10.8703 13.7439
10.932
10.946
10.946 5.6393
100.052 14.6981
100.056 9.8550
100.27 14.2709
100.277 10.3003
100.402 13.8152
100.406
100.406 10.7744
100.41 10.7744
100.545 13.3337
100.55 11.2827
100.614 12.3335
100.616 12.8348
100.618 11.8072
10000
100064758844406
1003267
10211
1024598595444121
1030.274.078.0
1030274078
105.866
1055.03
1055.08 1150.3
107750832
10811
1082331725759559
1083116
10839
1094907
109523
11.0005 8 7
11.0387 15.6271
11.0966 11.9973
11.2743 13.5765
11.3405 0 10
11.3405 6 13
11.3421 5.6470
11.3436 5.4981
11.3748
11.4035 5.4
11.4035 8.1
11.4048 2.3912
11.4968 21.4385
11.5069
11.6466 5.4872
11.6784 13.4092
11.8828 7.6755
11.8846 19.5649
11.9018 9.8798
11.9277 5.6879
11.9755 15.2385
11.9966 11.0973
11.9966 8.8972
11.9966 9.9972
1105154
1108857
1117947663095492
11202
11221
1134491004127139
1154248172923085
11557
1160.89 0
11685
117244224
1183579
1187159
12 1.41
12 8 12
12.0454 13.1639
12.053 14.1757
12.0552 10.1585
12.0715
12.1505 5.4
12.1505 8.1
12.1966 13.7973
12.3066 13.2773
12.3351 9.4751
12.3547 12.8547
12.4205 13.203
12.4366 14.2173
12.4466 14.2273
12.4523 10.8764
12.6088 16.0017
12.63 2.3
12.6639 12.5454
12.6666 12.9573
12.67 18.66
12.72 0.5
12.72 20.5
12.7481 9.0058
12.7566 14.7573
12.8345
12.8485 8.0774
12.8918
12.8975 5.4
12.8975 8.1
12.9092 12.1784
12.9123 14.85
12.9558 11.5326
12.9624 8.6223
12.9795 8.3720
120405
120591
1212522016876804
1215169011003584
12213
12296099
122983
1246981732900913
1248309032903788
12572
1292365
1294158
1294159
13 0.751831
13 14.5
13 16.0018 1
13 2.24 10
13 2.3 14
13-1.132-6
13.0005 6
13.0005 8
13.0088 8.9316
13.04 18.65
13.06 0.5
13.06 20.5
13.0765 11.7743
13.1347 9.1975
13.1446 21.8059
13.1592 6.3892
13.1675 10.8
13.2395 11.448
13.2439 11.3703
13.33 10.9373
13.3386 19.9108
13.3835 11.151
13.4142 13 13
13.4142 14.5
13.4766 12.2273
13.4766 14.9173
13.5005 6.003
13.5005 6.75
13.5005 7.497
13.5492 12.1057
13.5714 5.2245
13.7129 14.1924
13.75 13.75
13.75 14.1642
13.859 6.5792
13.9066 1.5072
13.9466 14.5073
13.9685 0 8
13.9685 18 18
13.9966 11.1773
1301601
131 1.131
133765
13382
1353359
13639323
13683
1384759809157265
14.04 18.6
14.12 20.44
14.1405 4.9200
14.153 6.2875
14.1549 5.8126
14.1844 12.7152
14.2094 5.6268
14.2166 17.2873
14.2761 13.349
14.3266 16.7373
14.3548
14.364.222 7
14.4577
14.4666 17.7273
14.476 4.2940
14.4933 7.9093
14.6348 2.3672
14.6486 1.8952
14.6593 6.1763
14.6605 0 13
14.6605 6 15
14.6688 8.0116
14.6748 18.5927
14.7266 16.4373
14.7666 18.2473
14.8137 19.909
14.8137 21.8054
14.8239
14.8394 12.5056
14.8559 15.3555
14.8707 4.0303
14.9006 19.909
14.9198 21.8054
14.9303 13.2027
14.9508 20.4228
14.9886 19.909
144.011 79.6944
1449917663062833
15.0092 9.1566
15.0259 21.8054
15.0766 19.909
15.0868 19.9123
15.1 21 16
15.1027 3.96
15.1319 21.8054
15.14 10.5
15.14 11.5142
15.141
15.1413 9.8251
15.1966 13.4073
15.2518
15.2518 0.7501
15.252 9.2504
15.3037 18.4778
15.3387 6.3832
15.34 3.96
15.4466 18.3873
15.495 1.353
15.52 0 10
15.666 0.7501
15.6662 7.7504
15.6662 9.2504
15.6788 15.9517
15.7484 13.5432
15.7727 0.7361
15.7727 20.2638
15.8431 13.5918
15.9 18.26
15.9266 18.0373
15.9475 13.6193
15.9635 4.0864
15.9905 1.34
15.9966 11.7973
15.9966 6.4372
15.9966 9.9972
150000
15163 22
15309
1532032
15422056
1547950062382896
15745
15840806
15957
16 5.00168
16 7.9 15
16.0018 1.9143
16.002 8.0862
16.002 8.5004
16.0185 6.1778
16.0542 13.6239
16.0887
16.1122 13.6229
16.1692 13.61
16.2217 13.586
16.2742 13.562
16.3144 2.8686
16.3209 13.5275
16.3332 18.0964
16.3589 13.4846
16.4696 5.6293
16.5033 16.051
16.5327 13.3121
16.54 4.8417
16.55 19.97
16.5963 0.5692
16.6002 21.7643
16.7066 14.9773
16.7256 17.8405
16265
1632292980705940
1634616
1642797
16433
167942881
16919
17.05 17.51
17.0506 12.7139
17.0905 0.14
17.0905 5.86
17.2196 19.7258
17.2255 16.1705
17.2388 1.9022
17.2763 12.4386
17.3114 12.382
17.3601 12.3348
17.3705 5.95
17.3777 3.8071
17.3839 17.1884
17.4181 12.3009
17.4761 12.2669
17.4972 19.8386
17.5417 12.2474
17.6092 12.2439
17.6403 16.7952
17.6505 5.04
17.6605 0.95
17.6805 0 17
17.6805 6 18
17.6938 16.1705
17.7127 12.2514
17.8 16.36
17.814 12.2773
17.8248 1.6674
17.8248 19.3326
17.8867 16.1705
17.9082 12.3202
17.9905 1.93
17.9905 3
17.9905 4.07
17.9966 12.6473
17201
17414
174849
1762623891162679
1763810413
1763810413124
1763810413153
17733885
1779906837439389
1781006596079772
1784272112977040
1790944048396974
18 7.2514 0
18 8.99149
18.0005
18.0005 4.032
18.0005 6
18.0178 15.7637
18.0223 5.2089
18.0323 16.1506
18.0456 21.4387
18.1327 15.1348
18.14 14.5
18.1621 12.4198
18.1846 16.1417
18.19 13.5
18.19 7.5
18.2 10.5
18.2 13.13
18.2 7.87
18.32 18.82
18.3966 16.2173
18.5505 13 19
18.698 16.1108
18.7723
18.8322 18.3226
180574
18252
1829319
1829320
1838142
1841398976264075
1843988
1848815
18567
18879269
18896
1894496
19.0005 9 15
19.2257 3.2831
19.2283 17.7182
19.3088 15.6717
19.3847 20.8474
19.48 17.05
19.48 3.95
19.5127 13.1274
19.6205 8.16
19.6605 0 18
19.6605 6 20
19.7652 16.2706
19.7652 4.7294
19.7815 18.84
19.7881 13.269
19.8569 15.5291
19.8863 15.5733
19.9206 15.4497
19.9206 5.5503
19.94 13.56
19.94 14.62
19.94 6.38
19.9966 13.2973
19.9966 4.0872
19.9966 9.9972
192465754
1936894
1958484
196185438
1963303
1983222485176306
1986800
2 0.00201378 8
2 0.108816 11
2 0.811683
2 10.9697 5.6359
2 12.4029 8.1023
2 12.8469 8.8569
2 12.923 8.6967
2 15.252 7.7504
2 16.002 8.9146
2 16.1885 4.3114
2 16.3378 5.8266
2 50.7793 8.5809
2 54.2683 8.7663
2 55.426 8.3439
2 57.4555 9.7348
2 57.9153 8.3008
2 58.2982 8.3490
2 66.1719 10.2551
2 69.5929 8.2190
2 70.9684 10.2591
2 88.0352 9.8002
2 96.6042 9.8002
2.01586 15.7952
2.0452 15.5169
2.10664 8.7372
2.12064 0.9114
2.17693 19.3304
2.25 13.3358 2
2.25 14.1642 2
2.26 16.4
2.3 10 2.3
2.38605 4.1779
2.41484 16.8352
2.58314 0.25
2.58314 14.75
2.58579 14.5
2.60882 15.6217
2.64664 5.2372
2.66809 17.2287
2.78168 1.2766
2.78168 19.7234
2.83 6.5
2.89831 5.2227
2.93 1.19 5
2.98664 14.7473
20 13.22 20
20 7.78 20
20.0634 13.4105
20.1 16 19
20.1097 14.8966
20.2462 13.4901
20.3128 13.6007
20.3624 14.2642
20.3793 13.7113
20.42 15.3012
20.4505 8.89
20.4986 1.1187
20.6602 1.2972
20.7238 20.256
20.8388 14.8917
20.9505 13
20.9805 12.84
20.9905 1.34
200686215
20414
20516
20549
2058577007907773
2062713840591076
20779
20795 2.21
20935
20936
20942
209451363883
21 2 21
21-1.79
21.0005 11
21.0005 12.67
21.0005 9.82
21.0988 1.8216
21.1188 14.6116
21.3279 14.2688
21.4476 17.1316
21.4488 13.8917
21.6305 8.51
21.8064 12.7943
21.9302 19.4106
21.9688 10.4917
21.9821 11.6458
21043
21063
21072
21116
21353246
214274
2146039
21594
22.0088 5.9516
22.0088 9.9316
22.0583 4.5203
22.5581 3.0761
22.9342 18.36
22.9803 6.1606
22458 2.1316
2281774295526312
2285467639905929
23.1138 15.4232
23.5005
23.543
23.7805 13 24
23.9381 17.3093
2330753247219957
23416108
23423
2379683082953204
23979
2398095483939443
24.0005 9.46
24.0283 13.1417
24.7198 16.0742
2419200
24398
2457853864517253
24779
24960
25 13.75
25 7.9987 1
25.2341 14.726
25.7484 13.3777
25.8259 7.6949
25.9306 10.5046
25.9851 11.943
2526294491119
25432
25571
25572
25589
256281040558
26824
269103
27117
27561
27604669
28 20.5 10
28044 0.53
2830972286864371
2856843487782508
2872185955183231
2875 2.13579
2882107
29.8828
2971602310
2980598584
2991187964
299351
29970
3 1.20882 1
3 1.84177 6
3 10.673 5.6715
3 12.9626 1.9397
3 13.8631 5.5186
3 14.1631 5.3941
3 15.6583 3.96
3 15.666 2.2501
3 16.002 8.5004
3 16.2059 6.0240
3 17.2196 1.2741
3 17.55
3 17.8 4.6
3 18.1373 5.8517
3 18.83 2.6792
3 21.2657 4.4989
3 48.3556 9.8776
3 59.3434 8.7702
3 66.6743 9.1527
3 68.6363 9.7883
3 70.2199 9.6927
3 71.8903 8.7376
3 8.14533
3 8.67474 4
3 8.70439 7
3 97.0634 8.2179
3 97.613 8.2034
3 99.0831 8.7755
3.00049
3.00049 3
3.00049 9.55
3.07 2.16003
3.07 5.20003
3.19233 5.5144
3.30381 3.1561
3.31136 17.8728
3.45 19.97
3.45049 10 4
3.45049 2 3
3.65501 12.6047
3.68578 18.1281
3.73664 11.2173
30045
303417521
305389
306.615
30739736
308333
30875
30946
31 6.432
3105 1.50011
311201427
311869879
312168986
312201775
31242
31263
31426213
314953329
316546300
317083769
317094452
317233383
317264933
318567080
318710741
318716890
31890
319083687
31911698
319617901612
32.2524 5.5044
32.741 16.0887
3232973642407
325411784
32554
326429760
326466552
326814165
326856868
326872929
326929398
327676433
327713084
329699257
33.9563
33.9867 12.7095
331324920
331754149
33223
33886
33895
33911
3392135
34 11 5
34309683
3436222206622878
35.1456
3543833
3550147468615672
35509
3552015171259628
357.328 0
3596255275967556
36.9442 8.8847
36.9747
361 9.02726
36247 9.3503
36465
36468
3705 0.0499999
37900
37947
38.0929 5.5
38.8049 16.0887
38113498
38124918
39.8562-34
39.9378
39.9672 12.7979
3900671800014493
39339
3956027
3960711266215354
39982
4 0.0672633
4 0.07721 5
4 11.1559 5.6415
4 11.2743 7.4234
4 12.7688 8.6499
4 12.8025 5.5144
4 12.9823 8.5395
4 15.1059 6.3369
4 15.5799 6.3594
4 16.4136 4.5365
4 16.54 5.16
4 2.05726
4 2.42344 5
4 21.7452 3.0997
4 23.9603 8.4158
4 49.5057 8.2022
4 5.352 2.3650
4 51.5263 9.3797
4 6.11726
4 60.0471 9.5632
4 67.6006 8.5269
4 70.5306 9.8422
4 70.824 8.3373
4 72.2043 8.9257
4 9.06726
4 9.99726
4 90.0911 8.5585
4.02349 0 0
4.06 5 7.41
4.065-4.066
4.0654 21.9167
4.06639 21.9288
4.06664 18.0373
4.067 21.9049
4.0699 21.9402
4.07342 21.9516
4.07937 21.9622
4.08738 21.9712
4.09539 21.9802
4.1 18.3
4.10526 21.9874
4.11634 21.9924
4.12431 14.4738
4.12742 21.9974
4.13945 22 4
4.16856
4.20664 0.5872
4.22734 20.2638
4.26006 6.9670
4.39726 0.0466
4.48 0 0 4
4.48 10 10 10
4.50049 6.003
4.50049 6.75
4.50049 7.497
4.54664 18.3873
4.55049 10 5
4.55049 2 4
4.55664 13.1773
4.58 4.59
4.61749 11.151
4.62904
4.70955 2.4800
4.72459 18.5109
4.76149 11.448
4.76473 15.8878
4.83349 10.8
4.88089 9.4813
4.90168
4.93 0.50003
4.94 4.939
40032
409964903
41 1.41
41.1644
41.7342
411994007808830
41446
4151657
41536
42 5.44152
422151
42224
4250361041557616
427119
43039
430455
430807
431133
4323029
43910
44.0632 5.5044
44.5484
442034
4427995
44301
443695
444114
44726 9.0866
4490614166097359
45 0.00048828
45-1-1-1
45018863
4513178005349338
456780
45726 4.0666
45726 9.0266
45795
45945
46.6923
46.6923 11.2908
46.8232 10.7298
46036
46287504
465727 11.0088
467841
46793
468.492 681.821
46879
47.085 10.3885
47.3438 8.7373
47.3468 10.0472
47.7703 9.8769
470052944
4716886741380084
472712420
472770474
472781340
472785989
472787612
472788114
472902085
473006249
473013249
473024266
473035099
473039923
473060158
473070298
473079464
473083385
473092380
473109727
473115981
473133701
473190043
473236835
473285216
473376923
473668291
473840698
475781
479668
48 0 10
48.5915 8.2244
48.869 9.8776
48264
4852946206863
489630491
49-7-3.85
49.4287 10.3454
49.6295 10.6572
49.7311 11.1283
49.7311 11.7608
49.9861 8.2800
49632496
4972456342765143
4979441907350575
498723
5 10.3087 5.8603
5 12.0552 9.7361
5 12.4852 9.2949
5 12.9809 8.4557
5 14.1168 5.1613
5 14.8731 6.2906
5 15.86 2.7
5 16.54 5.3973
5 16.7223 3.1428
5 17.05 3.5
5 2.17693 1
5 3.34 6.34
5 3.72348 8
5 5.24619 5
5 50.4375 8.4468
5 53.422 9.5514
5 56.9738 9.6391
5 57.1513 9.6642
5 59.0199 8.6182
5 6.23942
5 7.23398
5 72.6689 9.4851
5 9.20833 6
5 95.733 8.4987
5 96.1494 8.3085
5.00049
5.00049 2.45
5.00049 9
5.04915 0.5772
5.04915 20.4228
5.05095 16.1351
5.10349 5.4
5.10349 8.1
5.16649 10.8
5.17886 12.5014
5.22664 18.2373
5.24 0 3 2
5.247 5.247
5.26664 16.4373
5.38089 18.6123
5.50442
5.52664 17.7273
5.55003
5.58049 13.203
5.58794
5.60386 9.4504
5.62344 11.0161
5.64301 12.5818
5.66664 16.7373
5.66824 13.4145
5.712.023
5.75664 10.5973
5.77664 17.2973
5.85049 5.4
5.85049 8.1
5.88 20.44
5.99664 14.4673
50011
5009586
502404
503649
50376738732
503928
504-6.504
505 6.506 1
50710
51.079 8.8010
51.3063 9.0848
51.6766 9.7189
51.7464 10.0778
51.8352 10.5046
51.875
51.8783 10.9393
5125 4.97979
514220825
515.491 750.218
516077
52.786 13.6271
52.791 14.3503
52.8003 13.9988
52.8607 14.6995
52.8663 13.2578
52046789
5205909173625579
521.697 619.934
522433
52392
52436
53.0045 15.0216
53.0339 12.924
53.0429 10.7822
53.1324 15.2994
53.1793 12.6559
53.1859 9.9212
53.3258 15.5435
53.3869 12.4249
53.5687 15.7337
53.6398 12.2495
53.8198 15.9259
53.8978 12.0766
53.9282 8.9606
53183
532085
532255
53351
53662
53707
5379082966718032
5382136804801289
5383967276887190
539878
54.1075 16.0669
54.1846 11.949
54.415 16.1484
54.4872 11.8724
54.7549 16.2401
54.8033 11.7883
54.9482 13.7388
54.9492 14.0724
54.9544 13.9081
54.9847 13.5706
54.9857 14.2354
542254
5437477564
5458286697352087
54616553499
547692113846445
5491063
54915 0.0599
55 0.450488
55.0186 8.4198
55.0604 13.4183
55.0604 14.3825
55.1062 16.2851
55.1239 11.7211
55.1272 14.5067
55.1284 13.2931
55.1868
55.224 13.1843
55.2266 14.6113
55.2274 10.3675
55.3403 13.0998
55.3482 14.6855
55.3696 10.0701
55.4475 11.6712
55.4588 16.2822
55.4643 13.0116
55.4778 14.7634
55.6023 12.944
55.6111 9.8975
55.6214 14.8163
55.7488 12.8997
55.7687 11.6225
55.7713 14.8414
55.8526 9.7250
55.9047 12.8503
55.9358 14.8717
55.9401 16.2822
55168
55329
555649
556357
556862868
559054604
56.0638 12.8108
56.0861 11.5831
56.1027 14.8869
56.2249 12.7814
56.2701 14.8867
56.2857 8.2185
56.3964 12.7526
56.3998 11.5529
56.4188 16.2125
56.5635 12.7261
56.6801 11.529
56.6943 14.8867
56.7383 12.7073
56.7947 9.6269
56.8794 16.0754
56.9132 12.6885
56.9581 11.4842
560355302533985
565901131866976
566495871797259
569.165 687.828
569.165 687.854
57.022 14.8174
57.0769 12.6619
57.1201 8.2196
57.2303 12.6332
57.2315 11.4191
57.2529 14.6788
57.3063 9.6844
57.3398 15.9383
57.3789 12.6055
57.4412 11.3765
57.4652 14.5595
57.5193 8.247
57.5255 12.5686
57.5903 9.8124
57.6386 11.2884
57.6424 14.3885
57.6693 12.5226
57.7178 9.8878
57.7567 15.6878
57.7674 14.1823
57.794 12.4848
57.8092 11.1614
57.874 14.002
57.8807 11.1006
57.9093 12.4219
57.936 11.0236
57.9434 13.8029
57.9702 10.9371
57.9717 13.5963
57.9759 10.2924
57.9941 13.4391
57095066
572460
575180083
57721 14.12
58.0044 10.8505
58.0055 10.665
58.0065 13.2807
58.0078 12.338
58.0089 13.1219
58.0147 10.4783
58.0166 10.7571
58.0902 15.3478
58.0997 15.4748
58.1174 15.6011
58.1432 15.726
58.1679 15.8488
58.2007 15.97
58.2414 16.0887
58.6711 8.4561
5801246925149226
580546
580695
58579 13 3
5878944071555156
58934
589625
59.6236 8.9981
590436546220129
5908605757370656
591315470187267
5923371384204745
595559
5992065132121718
6 1.98295 5
6 10 5.37
6 11.0966 7.9972
6 11.7021 5.6724
6 12.1173 6.1579
6 12.8866 3.5972
6 12.9 6.9
6 13.9966 7.4672
6 13.9966 9.9972
6 14.7378 1.8952
6 14.8273 1.8952
6 14.8666
6 17.9966 5.2772
6 17.9966 9.9972
6 19.551 2.8373
6 4.46664 6
6 46.9802 9.0751
6 47.7824 8.5220
6 49.0236 8.2179
6 49.2278 10.0336
6 5.56664 2
6 51.3063 9.0848
6 53.6386 9.2293
6 55.8522 8.2604
6 56.6154 9.6277
6 57.8223 9.9955
6 59.8358 9.2816
6 67.2628 8.7155
6 68.7611 8.2555
6 7.60664 6
6 7.99664 8
6 70.0063 8.2178
6 71.2007 8.4080
6 8.21349
6 87.725 9.7910
6 88.5046 8.2179
6 89.0539 8.2032
6 9.24664 4
6 9.99664 7
6 96.2939 9.7910
6 97.473 10.0214
6 99.7546 9.4630
6-6 6-6 1
6.00083 7.9067
6.07843 14.1155
6.12664 9.0272
6.16331
6.22 6.222-6
6.23232 3.7108
6.31035 6.8043
6.31664 12.0373
6.32716 19.6624
6.38608 14.131
6.41356 7.5
6.45664 7.6072
6.47664 14.8973
6.57925
6.59749 5.4
6.59749 8.1
6.6055 10.4963
6.62664 4.3672
6.67144 11.1659
6.73398 9.8503
6.75 4.50003
6.79 6.79 1
6.86247 9.2043
6.88683 15.4661
6.9 16 6 15
6.9-2.54
6.92348 11.7743
6.93703 15.9981
6.94 20.5 7
60.1496 14.715
60.1528 14.3825
60.1528 9.9366
60.1677 15.0474
60.207 15.3777
60.2266 15.6265
60.2988 15.8687
60.4191
60.7136
60000
60079
602989
604800
605506312432107
6062 5.26763
60712685
6096800025251000
61 14.9508 0
61.9994 14.677
6103937
611.412 515.685
61104 7.6453
61155760
6138906278
617674850715913
617695970110803
61825532
619010693228007
62.0135
62.0203
62.0669 14.9976
62.08-1.21
62.2099 15.2881
62.3322 15.5183
62.5184 15.7099
62.747 15.841
62.9913 15.9752
62106
62241477695
62361
6240700621600807
6268813
62902
629123
63 0.476636
63.2593 16.063
63.5369 16.0997
63.8495 16.145
6315107
6330096888889256
637.505.507 1
64.1609
64.1642 13.6284
64.1642 13.9844
64.1642 6.1258
64.1652 16.1672
64.2229 14.221
64.3448 14.3394
64.4666 14.4577
64.4813 16.1661
64.6946 16.1661
64.7093 14.5185
64.9101 16.1661
6427237386
645 14.8781 3
645 8.245
64542
64542777
647716557590022
65.0715 14.5185
65.1324 16.1517
65.1933 14.5185
65.3062 14.513
65.3351 16.1442
65.419 14.503
65.526 14.4946
65.5371 16.1242
65.6322 14.4794
65.7372
65.7372 16.092
652954643164531
65382
658.88 583.579
6582285731
66.0058
66.0079 14.0503
66.1304 14.4925
66.1801 10.9771
66.1897 10.6793
66.2534 11.2718
66.2738 9.8342
66.3612 14.8823
66.4018 11.5319
66.5429 11.7639
66.5702 15.2155
66.7358 11.9617
66.8548 15.4971
66.9424 8.8954
66.966 12.1102
66115
664 0 01
66402
664421
66491
66595
66627
6666544107012482
667.137 450.887
6689492
66956 1.68
66991762
67.1928 15.705
67.2105 12.269
67.4763 12.3936
67.5488 15.9187
67.7559 12.4806
67.9409 16.0684
67.9689 8.3964
67045
674406960787691
67453 7.1526
674819
67626
6765087687595210
67874
68.0495 13.8039
68.0527 12.5746
68.0549 13.5996
68.0989 14.006
68.1982 14.1857
68.2904 14.3442
68.3301 10.2004
68.3355 10.4227
68.3381 10.3354
68.3505 16.1473
68.3532 10.5094
68.3584 12.6564
68.3717 10.067
68.39 10.589
68.4172 14.4809
68.4267 10.6685
68.4555 9.9594
68.4816 10.7387
68.535 9.8641
68.5503 10.7943
68.5695 14.5859
68.6699 12.725
68.7128 10.9252
68.7282 14.6926
68.7877 16.2371
68.8738 9.6878
68.8998 11.0236
68.9051 14.7705
680945154400
6813949
6831028223
6863469
68667
687.828
69.0919 14.8159
69.1009 11.084
69.1766 8.2185
69.2332 16.2819
69.2672 9.6306
69.2785 12.8405
69.2918 14.8655
69.3567 11.1653
69.4973 14.8904
69.617 11.2322
69.6798 16.2811
69.7035 14.89
69.8637 14.8891
69.8769 9.6191
69.8778 12.9994
69.8806 11.2842
6910965
6916804
692209
69251
69275
69275374 1
6927550
69275600 2
69275608
69275608 1
6927585
692759
69276
69276112
69276112 1
6927629
6927631
6927649
69276546 2
6927659
692768
69277
692770
6927712
69277156
69277195
69277195 1
692773
69277317 2
6927733
69277341 2
692776
692779
69277963
69278170
69278335
6927838
69278500
69278578 2
69278700
69278700 1
69278725
69278725 1
69278781
693432345387154
6941067459072265
696703
69816
7 1.00049 7
7 10.5474 5.7264
7 13.33 9.8413
7 14.5598 1.8952
7 17.7471 0.0166
7 2.36 7.37
7 3.67929 2
7 56.1911 9.6277
7 56.7203 8.2190
7 66.4842 9.4630
7 68.3517 8.3296
7 69.399 9.6258
7 88.9041 10.0214
7 91.1958 9.4630
7-7.93 0
7.00049
7.00049 12.55
7.00049 5
7.03 3.82003
7.05609 15.747
7.10392 14.8474
7.16449 14.4
7.17552 12.3828
7.20049 6.003
7.20049 6.75
7.20049 7.497
7.22664 14.7973
7.2487 1.5857
7.2487 9.5395
7.2514 15.7504
7.2514 16.1646
7.2514 7.7504
7.2514 9.2504
7.28 0.5 6
7.34664 12.9673
7.41 1.91
7.41 18.66 7
7.44 19.94 6
7.45049 13 8
7.46912 11.8714
7.54962 5.1674
7.55049 5 7
7.55049 7 8
7.55664 14.2373
7.56664 14.2273
7.58448 1.25
7.58719 0.5004
7.58719 16.5004
7.60234 12.9029
7.63402 2.3624
7.70664 13.2973
7.76154 12.1616
7.78 0 10.5
7.80664 13.8073
7.82003
7.86 8.99
7.983 3.03
7.99664 11.0973
70.0233 14.8713
70.1193 16.2815
70.1729 11.3428
70.1797 14.837
70.3376 14.8053
70.4187 8.2574
70.4595 11.4069
70.4629 13.2004
70.4897 14.7505
70.5577 16.2393
70.631 14.6744
70.7648 14.6013
70.7721 11.4766
70.8116 9.9849
70.8804 14.5001
70.8917 13.3575
70.9695 14.3781
70.9887 16.155
70.9977 10.665
7008293
70190249
703079
71.0649 14.2409
71.0846 11.5462
71.1061 13.5945
71.1061 13.9114
71.1128 14.0773
71.3904 11.6303
71.3942 16.0787
71.5618 8.5435
71.6872 11.7276
71.7815 15.9286
71.9686 11.8205
713127247138524
714.137 519.284
714.163
714.163 519.284
71525
715473296769362
72.1306 15.7127
72.2347 11.9531
72.4705 9.1813
72.477 12.1212
72.4906 15.4941
72.7079 12.2815
72.7842 15.1849
72.8905 9.8421
72.9004 12.489
72.9808 14.8173
72055
7235666994068585
72506
72593
727922641
7288747
72920428
7299710494491288
73.0181 10.2476
73.0379 12.7316
73.0401
73.0412 12.7294
73.1775 14.4498
73.1862 13.0056
73.2229 16.0864
73.2489 13.6228
73.2589 13.3128
73.2701 14.0373
73001
7333275
73364
735494
73557
736161 3.45
73733
73761
738782
742163878
744992903656084
746183
74630
748.748 0 0
74849
75 13.3358 13
75 13.75
75.6117
75.75 0 0
75.75 0 01
75.75 0 011
75.75 0 1
75.75 0 11
75187
75300
754431
7575508041044163
76 0 8 0
76.4591 13.7301
762309
764752121425176
7655947307754468
7682426207116179
77 8.56516
77.0797
77.0797 11.9952
77.3054 5.5022
77356
774209
7748283388538555
77518
776314
7771367673530742
7780889
78.4868 8.1117
78.5162
7800545505417662
780114
7820026646601892
782066
7824506
7861583
788-6.79 6
78895903
79.7382 5.5044
79.8781 11.9952
7941385713361
79427
7953608
795673198165216
7986562
8 0.208816 3
8 0.774176 3
8 10.2149 5.9588
8 10.6749 5.3673
8 10.8188 9.9716
8 11.5046 5.6581
8 11.9678 5.7549
8 12.3509 6.7074
8 13.0965 5.2227
8 13.13 1.8
8 14.6733 4.1622
8 15.2637 2.4822
8 15.7992 6.2686
8 16.55 1.03
8 17.6338 4.1827
8 18.14 6.5
8 18.32 2.18
8 20.0515 0.9433
8 22.0088 5.9516
8 22.0088 6.5516
8 23.9943 10.7788
8 3.97-2.1
8 5.5186
8 57.8927 10.1242
8 6 2.36
8 68.7511 9.7383
8 69.5308 9.6277
8 7.5 1.86
8 7.99496 5
8 8.74882 11
8 90.5236 8.7755
8 97.2105 9.8687
8 98.651 8.5585
8.00049 5.45
8.00049 6
8.0014 16.5004
8.01801 15.335
8.11104 7.6796
8.14995 13.2688
8.22546 0.4636
8.23325 12.1616
8.387 2.076
8.41562 16.5004
8.42471
8.50042
8.51 3.82003
8.52567 11.8714
8.54375
8.69757 13.6347
8.7487 1.5857
8.7487 2
8.7487 9.5369
8.74882 11.0917
8.7514 0.8362
8.7514 1.2504
8.7514 15.7504
8.7514 16.1646
8.7514 7.7504
8.7514 9.2504
8.82664 0.0672
8.89664 11.9973
8.89664 7.9972
8.98581 5.3719
8.99149 0
80.4965
80166 3 3
80168 0.1088
80178
805609
806696
807042
8084739209241732
81-1-1.39
81.3123 16.0864
810666
81288
81400
816058
816574444457481
81860
8187 3.68925
81918
821683
82454
8247942
827625521795956
83.7789
8321243645
8338179311223738
8340541195754258
836205 7.2514
836637
8396428825092222
84.1073
842.672 1226.37
844180
8444143897573501
84698
84821452
8515584
85379
859 6.727 1
86.1497
86.1746 11.9717
86.1749 12.5842
86.1756 12.2805
86.2045 11.6635
86.2078 12.8871
86.2512
86.2648 11.3605
86.2738 13.1839
86.2806
86.3191 11.0821
86.331 13.4585
86.4132 9.0151
86.4246 10.8157
86.4384 13.7207
86.5324 15.5079
86.5762 10.5743
86.5909 13.9579
86.721 10.3486
86.738 14.1815
86.7585 8.6995
86.88 15.8019
86.9177 10.1593
86.9377 14.3673
86133589
86669 9.1654
867715
87.1506 10.0214
87.1731 14.4997
87.1731 8.4987
87.2871 15.9925
87.4184 9.8676
87.5634 14.7025
87.5897 8.3082
87.7049 16.1874
8757599531866649
87708
88 0.56
88.0157 14.7594
88.0449 8.2122
88.1626 16.2865
88.3403 9.7922
88.4456 14.6597
88.6253 16.2822
88.6415 9.8688
88.8755 14.56
88034
8831 4.1 2
8837580051478874
8842669
8869599025969727
89.1398 10.1625
89.1467 16.2919
89.2538 14.3106
89.3391 10.3552
89.4863 10.5842
89.51 13.9579
89.5984 8.3201
89.642 10.8274
89.6617 13.7211
89.6627 16.1781
89.7521 11.0959
89.7669 13.4585
89.8113 11.3771
89.8203
89.8203 13.1839
89.8248 13.1839
89.8774 11.6746
89.8829 12.8869
89.9095 12.2827
89.9103 11.9782
89.9112 12.585
892.476
8960223839941330
896462
89726 7.9966
89805
9 10 14
9 10.0828 10.8927
9 12.5919 6.0116
9 12.9151 8.2168
9 13.33 10.5
9 14.3222 4.4815
9 14.3236 5.8407
9 17.93
9 24.6176 5.0336
9 46.7375 9.4928
9 69.1359 9.6421
9 7.17963 8
9 7.2487 2
9 8.41291 1
9 86.1801 9.4066
9 94.7389 9.4066
9.00049 14.4
9.01286 15.5321
9.1 12 10 12
9.10882 15.9517
9.12258 9.5602
9.31337 1.4262
9.34139 13.83
9.47975 0.5453
9.66 2 11 3
9.83315 7.5
9.83343
9.94968 6.2253
9.99215 20.7306
9.99631 7.1055
9.99664 11.9973
9.99664 7.9972
90.1295 15.9504
90.5492 15.7399
90.901 9.0845
90.9161 15.4408
90102
90244331
9036161936482175
905028
909424480090030
91.1958 9.4630
91.2037 15.0747
91.4958 9.8536
91.4968 14.6981
91.715 14.2709
91.7168 10.2969
91.8469 10.7689
91.8469 13.8152
91.9883 13.3336
91.9886 11.2788
9138094
9143060878
91433 0.0018
91463 0.3378
915136
9181843978503919
91881
92.0579 12.3335
92.0593 12.8347
92.0596 11.8051
92.6627
921177
9218082
92255
92469592130
925100
925662963021578
9258543997545845
92844
93 19.3788 0
93135
93183
932144
93574540
93590402
93620
9398269
94 0.5 5
94.7096
94.7293 11.9716
94.7297 12.5842
94.7299 12.2805
94.7595 11.6635
94.7626 12.887
94.8066
94.8202 11.3605
94.8281 13.1839
94.8371
94.8787 11.0812
94.8857 13.4584
94.9888 10.8147
94.9931 13.7205
9409471490940936
9435520
944401
94482
94520
948188
948415
95.0888 15.5076
95.1452 10.5743
95.1452 13.9579
95.2906 10.3491
95.3036 14.1956
95.3183 8.6998
95.4359 15.8016
95.4872 10.1599
95.5201 14.3909
95.7195 10.0214
95.7749 14.5261
95.8425 15.9925
95.9873 9.8676
951759
95487
955605
95757125
96.0297 14.6612
96.2603 16.1874
96.3149 14.732
96.6041 8.2125
96.6047 14.732
96.718 16.2865
96.8945 14.732
96.9093 9.7920
962319
968 4.02349
969354638399883
97.1797 14.6612
97.1808 16.2822
97.4345 14.5261
97.6894 14.3909
97.7024 16.2919
97.7091 10.1625
97.9058 14.1956
97.9088 10.3551
9730672945450828
973172431
974551431241002
975561874541367
97889
98.0564 10.5842
98.0643 13.9579
98.1579 8.3203
98.2121 10.8274
98.2165 13.7213
98.2188 16.1781
98.3217 13.4587
98.3222 11.0959
98.3746
98.3746 13.1839
98.3814 11.3771
98.3836 13.1839
98.4454 12.8872
98.4475 11.6746
98.4776 12.5854
98.4795 12.2827
98.4804 11.9782
98.686 15.9504
980280
983014426
983136
983844
986633
98755
98780
9895639507454119
99.1054 15.7398
99.4602 9.0846
99.4719 15.4407
99.7591 15.0747
990026015
9905 3
9905 4.66 15
9905 4.66 20
99149 0
9915842
9927 0.490142
993025
9957-5
99726
997548
998885868928301
999 6.38
Extrayendo enlaces de la página...
/data/manifest.json
#content-wrapper
https://blog.whatsapp.com/
https://business.whatsapp.com/
https://faq.whatsapp.com/
https://get.microsoft.com/installer/download/9NKSQGP7F2NH?cid=website_cta_psi
https://static.whatsapp.net/rsrc.php/v4/y1/r/O5augWjboWc.js
https://static.whatsapp.net/rsrc.php/v4/yb/r/8wypiAW_bfk.js
https://static.whatsapp.net/rsrc.php/v4/yD/r/0NeQfY7BbqQ.js
https://static.whatsapp.net/rsrc.php/v4/yv/r/ugDEUHGWuHi.js
https://static.whatsapp.net/rsrc.php/v4/yz/r/ujTY9i_Jhs1.png
https://static.whatsapp.net/rsrc.php/v4i7M54/yw/l/en_US-j/Z5xCGIDHyO1.js
https://static.whatsapp.net/rsrc.php/v5/yH/l/0,cross/_jfkUskf2-v.css
https://static.whatsapp.net/rsrc.php/v5/yR/l/0,cross/ChejQs5hirm.css
https://static.whatsapp.net/rsrc.php/v5/yZ/l/0,cross/iWpFIph5vWU.css
https://web.whatsapp.com/
https://whatsapp.com/download
https://www.facebook.com/brand/resources/whatsapp/whatsapp-brand
https://www.facebook.com/profile.php?id=100064758844406
https://www.instagram.com/whatsapp/?hl=en
https://www.metacareers.com/jobs?divisions[0]=WhatsApp
https://www.whatsapp.com
https://www.whatsapp.com?lang=af
https://www.whatsapp.com?lang=ar
https://www.whatsapp.com?lang=az
https://www.whatsapp.com?lang=bg
https://www.whatsapp.com?lang=bn
https://www.whatsapp.com?lang=ca
https://www.whatsapp.com?lang=cs
https://www.whatsapp.com?lang=da
https://www.whatsapp.com?lang=de
https://www.whatsapp.com?lang=el
https://www.whatsapp.com?lang=en
https://www.whatsapp.com?lang=es
https://www.whatsapp.com?lang=et
https://www.whatsapp.com?lang=fa
https://www.whatsapp.com?lang=fi
https://www.whatsapp.com?lang=fil
https://www.whatsapp.com?lang=fr
https://www.whatsapp.com?lang=ga
https://www.whatsapp.com?lang=gu
https://www.whatsapp.com?lang=he
https://www.whatsapp.com?lang=hi
https://www.whatsapp.com?lang=hr
https://www.whatsapp.com?lang=hu
https://www.whatsapp.com?lang=id
https://www.whatsapp.com?lang=it
https://www.whatsapp.com?lang=ja
https://www.whatsapp.com?lang=kk
https://www.whatsapp.com?lang=kn
https://www.whatsapp.com?lang=ko
https://www.whatsapp.com?lang=lt
https://www.whatsapp.com?lang=lv
https://www.whatsapp.com?lang=mk
https://www.whatsapp.com?lang=ml
https://www.whatsapp.com?lang=mr
https://www.whatsapp.com?lang=ms
https://www.whatsapp.com?lang=nb
https://www.whatsapp.com?lang=nl
https://www.whatsapp.com?lang=pa
https://www.whatsapp.com?lang=pl
https://www.whatsapp.com?lang=pt
https://www.whatsapp.com?lang=pt-pt
https://www.whatsapp.com?lang=ro
https://www.whatsapp.com?lang=ru
https://www.whatsapp.com?lang=sk
https://www.whatsapp.com?lang=sl
https://www.whatsapp.com?lang=sq
https://www.whatsapp.com?lang=sr
https://www.whatsapp.com?lang=sv
https://www.whatsapp.com?lang=sw
https://www.whatsapp.com?lang=ta
https://www.whatsapp.com?lang=te
https://www.whatsapp.com?lang=th
https://www.whatsapp.com?lang=tr
https://www.whatsapp.com?lang=uk
https://www.whatsapp.com?lang=ur
https://www.whatsapp.com?lang=uz
https://www.whatsapp.com?lang=vi
https://www.whatsapp.com?lang=zh
https://www.whatsapp.com?lang=zh-hk
https://www.whatsapp.com?lang=zh-tw
https://www.whatsapp.com/
https://www.whatsapp.com/about
https://www.whatsapp.com/android
https://www.whatsapp.com/calling
https://www.whatsapp.com/channels
https://www.whatsapp.com/community
https://www.whatsapp.com/contact
https://www.whatsapp.com/download
https://www.whatsapp.com/expressyourself
https://www.whatsapp.com/groups
https://www.whatsapp.com/legal/
https://www.whatsapp.com/messaging
https://www.whatsapp.com/meta-ai
https://www.whatsapp.com/privacy
https://www.whatsapp.com/security
https://www.whatsapp.com/security/advisories
https://www.whatsapp.com/sitemap
https://www.whatsapp.com/status
https://www.whatsapp.com/stayconnected
https://www.youtube.com/channel/UCAuerig2N-RZWJT8x75V9yw
https://x.com/whatsapp

